Truck route: [0, 49, 32, 1, 28, 35, 15, 8, 21, 6, 34, 17, 14, 39, 4, 18, 22, 44, 13, 41, 20, 37, 10, 23, 12, 50, 47, 48, 11, 3, 43, 31, 46, 38, 24, 19, 27, 5, 26, 45, 16, 36, 33, 30, 9, 42, 40, 25, 7, 0]
Drone rpute: [0, 32, 28, 35, 8, 21, 34, 14, 18, 22, 44, 41, 20, 37, 10, 12, 50, 29, 47, 2, 48, 11, 3, 43, 31, 46, 38, 19, 27, 5, 26, 45, 16, 36, 33, 30, 9, 42, 40, 25, 7, 0]
ans: 1087.6185458272657

Truck route: [0, 34, 32, 49, 1, 6, 28, 17, 50, 14, 4, 13, 41, 44, 22, 18, 42, 23, 31, 46, 26, 45, 11, 3, 47, 29, 36, 2, 48, 43, 33, 16, 15, 30, 35, 21, 8, 20, 37, 12, 10, 19, 38, 25, 40, 24, 27, 5, 7, 0]
Drone rpute: [0, 32, 1, 28, 50, 14, 39, 4, 41, 44, 22, 18, 42, 23, 31, 46, 26, 45, 11, 29, 2, 48, 43, 33, 15, 9, 30, 35, 8, 20, 37, 12, 10, 19, 38, 25, 40, 24, 27, 5, 7, 0]
ans: 1126.6880569352795

Truck route: [0, 49, 32, 6, 1, 34, 28, 48, 36, 16, 29, 47, 11, 3, 46, 31, 43, 33, 35, 13, 4, 41, 14, 39, 22, 44, 17, 12, 23, 10, 19, 5, 38, 26, 45, 24, 27, 7, 25, 40, 42, 18, 37, 20, 21, 15, 8, 30, 0]
Drone rpute: [0, 32, 1, 28, 50, 48, 2, 36, 29, 47, 11, 3, 46, 31, 43, 33, 35, 13, 41, 39, 22, 44, 17, 12, 23, 10, 19, 38, 26, 45, 24, 27, 7, 25, 40, 42, 18, 37, 20, 21, 8, 9, 30, 0]
ans: 1058.963925193719

Truck route: [0, 10, 32, 46, 31, 1, 43, 50, 47, 48, 29, 28, 30, 15, 35, 8, 36, 33, 2, 16, 11, 3, 49, 17, 6, 39, 21, 34, 13, 14, 4, 22, 41, 44, 20, 37, 18, 42, 12, 23, 38, 27, 24, 5, 45, 26, 19, 7, 40, 25, 0]
Drone rpute: [0, 32, 1, 28, 30, 9, 15, 8, 36, 2, 16, 11, 3, 49, 17, 34, 14, 4, 41, 44, 20, 37, 18, 42, 12, 23, 38, 27, 24, 5, 45, 26, 19, 7, 40, 25, 0]
ans: 969.6542647300249

Truck route: [0, 28, 32, 6, 1, 49, 50, 43, 29, 47, 36, 2, 3, 11, 33, 16, 15, 48, 8, 30, 31, 46, 17, 4, 34, 39, 44, 41, 22, 14, 42, 18, 12, 23, 10, 19, 38, 27, 24, 5, 26, 35, 21, 13, 37, 20, 7, 25, 40, 0]
Drone rpute: [0, 32, 1, 50, 29, 47, 2, 3, 11, 33, 15, 8, 9, 30, 31, 46, 17, 34, 39, 41, 14, 18, 12, 23, 10, 19, 38, 27, 24, 5, 45, 26, 35, 21, 13, 37, 20, 7, 25, 40, 0]
ans: 1102.8222786320482

Truck route: [0, 46, 32, 43, 50, 11, 28, 47, 48, 29, 16, 1, 49, 15, 35, 9, 33, 36, 3, 31, 38, 10, 23, 12, 17, 14, 4, 44, 39, 22, 41, 34, 6, 13, 20, 37, 18, 42, 25, 40, 19, 7, 24, 27, 26, 5, 30, 21, 8, 0]
Drone rpute: [0, 32, 50, 28, 47, 2, 48, 1, 15, 9, 33, 36, 3, 31, 38, 10, 12, 17, 39, 41, 34, 6, 13, 20, 37, 18, 42, 25, 40, 19, 7, 24, 27, 26, 45, 5, 30, 8, 0]
ans: 1023.3989889760761

Truck route: [0, 46, 31, 10, 23, 12, 18, 42, 17, 14, 39, 41, 44, 22, 4, 6, 35, 32, 1, 28, 49, 50, 43, 2, 47, 48, 16, 33, 36, 15, 11, 3, 24, 5, 38, 45, 19, 7, 40, 25, 27, 26, 30, 9, 8, 21, 13, 20, 37, 0]
Drone rpute: [0, 46, 31, 10, 23, 12, 18, 42, 14, 41, 44, 22, 4, 34, 6, 32, 28, 50, 2, 29, 47, 48, 16, 33, 15, 11, 3, 24, 5, 45, 19, 7, 40, 25, 27, 26, 30, 8, 21, 13, 20, 37, 0]
ans: 1026.6156226821286

Truck route: [0, 46, 31, 49, 6, 34, 1, 32, 47, 48, 29, 16, 2, 33, 36, 28, 43, 3, 11, 5, 45, 26, 24, 27, 22, 44, 14, 41, 4, 39, 17, 13, 21, 15, 8, 30, 35, 37, 18, 42, 23, 10, 12, 40, 7, 38, 19, 25, 20, 0]
Drone rpute: [0, 46, 31, 49, 34, 32, 28, 50, 43, 3, 11, 5, 45, 26, 24, 27, 22, 41, 4, 39, 17, 13, 21, 8, 30, 9, 35, 37, 18, 42, 12, 40, 7, 19, 25, 20, 0]
ans: 1126.1193389584848

Truck route: [0, 49, 32, 34, 6, 28, 1, 50, 36, 2, 48, 47, 17, 39, 4, 44, 22, 30, 15, 35, 8, 21, 16, 33, 43, 3, 11, 26, 45, 27, 24, 5, 46, 31, 23, 10, 12, 18, 42, 37, 20, 13, 38, 7, 25, 19, 40, 0]
Drone rpute: [0, 32, 28, 50, 2, 29, 48, 47, 17, 39, 14, 4, 41, 44, 22, 30, 9, 15, 8, 21, 16, 33, 43, 3, 11, 26, 45, 27, 24, 5, 46, 31, 23, 12, 18, 42, 37, 20, 13, 38, 7, 19, 40, 0]
ans: 1049.5085603539828

Truck route: [0, 43, 47, 29, 50, 2, 36, 33, 1, 48, 32, 28, 3, 11, 16, 30, 15, 8, 9, 35, 6, 17, 49, 39, 46, 14, 23, 18, 31, 10, 38, 12, 4, 20, 41, 44, 22, 42, 37, 13, 21, 26, 27, 45, 5, 24, 19, 7, 25, 40, 0]
Drone rpute: [0, 43, 29, 2, 36, 1, 32, 28, 3, 11, 16, 30, 8, 9, 35, 6, 34, 17, 39, 14, 18, 31, 10, 12, 4, 20, 41, 44, 22, 42, 37, 13, 21, 26, 45, 5, 24, 19, 7, 25, 40, 0]
ans: 1118.7888288826703

Truck route: [0, 46, 32, 31, 34, 49, 14, 17, 4, 44, 22, 13, 6, 21, 1, 35, 50, 47, 28, 2, 16, 48, 33, 15, 30, 8, 36, 9, 11, 3, 43, 10, 38, 19, 7, 24, 26, 45, 5, 27, 23, 12, 37, 20, 18, 42, 25, 40, 0]
Drone rpute: [0, 32, 34, 14, 39, 17, 4, 41, 44, 22, 13, 6, 1, 50, 28, 2, 16, 29, 48, 33, 15, 8, 9, 11, 3, 43, 10, 38, 19, 7, 24, 26, 45, 5, 27, 23, 12, 37, 20, 18, 42, 25, 40, 0]
ans: 1085.8213843269389

Truck route: [0, 49, 32, 28, 50, 48, 2, 16, 33, 47, 43, 11, 3, 15, 36, 1, 35, 8, 9, 30, 4, 39, 34, 17, 14, 6, 13, 44, 22, 20, 21, 46, 31, 10, 12, 42, 18, 23, 38, 7, 19, 24, 5, 26, 27, 40, 25, 37, 0]
Drone rpute: [0, 32, 50, 2, 29, 16, 33, 15, 36, 1, 35, 9, 30, 4, 34, 14, 6, 13, 44, 41, 22, 20, 21, 46, 31, 10, 12, 42, 18, 23, 38, 19, 24, 5, 45, 26, 27, 40, 25, 37, 0]
ans: 1097.1918799411965

Truck route: [0, 49, 32, 1, 34, 17, 14, 39, 41, 6, 35, 9, 8, 15, 33, 47, 29, 43, 28, 50, 48, 16, 36, 3, 11, 26, 45, 24, 27, 19, 10, 38, 31, 46, 23, 12, 4, 44, 22, 18, 42, 37, 20, 13, 21, 30, 5, 40, 25, 7, 0]
Drone rpute: [0, 32, 34, 14, 41, 6, 35, 8, 15, 33, 29, 50, 48, 2, 16, 36, 3, 11, 26, 45, 24, 27, 19, 38, 31, 46, 23, 12, 4, 44, 22, 18, 42, 37, 20, 13, 21, 30, 5, 40, 25, 7, 0]
ans: 1108.6865847670144

Truck route: [0, 32, 6, 49, 17, 39, 4, 22, 44, 20, 13, 21, 1, 50, 3, 15, 47, 48, 36, 2, 16, 33, 29, 28, 43, 11, 5, 24, 45, 26, 31, 46, 23, 12, 10, 38, 19, 7, 40, 25, 18, 9, 30, 8, 35, 37, 42, 27, 0]
Drone rpute: [0, 32, 34, 6, 39, 4, 14, 22, 41, 44, 20, 13, 21, 1, 15, 47, 48, 28, 43, 11, 5, 45, 26, 31, 46, 23, 12, 10, 38, 19, 7, 40, 25, 18, 9, 30, 8, 35, 37, 42, 27, 0]
ans: 1176.8558176957733

Truck route: [0, 49, 32, 28, 1, 6, 34, 17, 4, 39, 44, 14, 22, 41, 20, 13, 36, 33, 29, 16, 2, 50, 48, 47, 11, 3, 31, 10, 23, 12, 46, 38, 19, 35, 15, 8, 30, 45, 26, 24, 25, 40, 7, 27, 5, 43, 21, 37, 18, 42, 0]
Drone rpute: [0, 32, 1, 34, 14, 41, 20, 13, 36, 29, 16, 50, 48, 47, 11, 3, 31, 10, 12, 46, 38, 19, 35, 8, 9, 30, 45, 26, 24, 25, 40, 7, 27, 5, 43, 21, 37, 18, 42, 0]
ans: 1176.4616272003236

Truck route: [0, 46, 31, 10, 12, 23, 17, 49, 32, 8, 30, 15, 33, 36, 2, 47, 29, 48, 1, 11, 3, 28, 50, 6, 34, 39, 14, 44, 22, 41, 4, 13, 21, 35, 16, 43, 5, 26, 27, 24, 19, 7, 38, 40, 25, 37, 20, 42, 0]
Drone rpute: [0, 46, 31, 10, 12, 23, 17, 32, 8, 9, 30, 15, 1, 50, 6, 39, 41, 4, 13, 21, 35, 16, 43, 5, 45, 26, 27, 24, 19, 38, 40, 25, 37, 20, 42, 18, 42, 0]
ans: 1032.0077765830804

Truck route: [0, 46, 31, 32, 43, 50, 29, 28, 2, 1, 47, 48, 33, 16, 36, 15, 30, 35, 8, 21, 49, 34, 4, 17, 14, 22, 41, 44, 20, 13, 6, 3, 11, 45, 26, 5, 24, 19, 7, 40, 25, 23, 10, 12, 38, 27, 42, 37, 18, 0]
Drone rpute: [0, 32, 50, 28, 1, 47, 48, 33, 16, 36, 15, 9, 30, 8, 21, 34, 39, 4, 14, 41, 44, 20, 13, 6, 3, 11, 45, 26, 5, 24, 19, 7, 40, 25, 23, 12, 38, 27, 42, 18, 0]
ans: 1015.4742654975581

Truck route: [0, 46, 43, 50, 29, 16, 48, 33, 28, 47, 11, 1, 3, 34, 32, 49, 14, 4, 39, 44, 41, 22, 17, 23, 12, 42, 18, 20, 13, 35, 15, 8, 9, 30, 36, 31, 38, 24, 19, 5, 45, 26, 27, 7, 40, 25, 10, 6, 21, 37, 0]
Drone rpute: [0, 46, 43, 29, 16, 2, 48, 28, 47, 1, 34, 14, 41, 22, 17, 23, 12, 42, 18, 20, 13, 35, 8, 9, 30, 36, 31, 38, 19, 5, 45, 26, 27, 7, 40, 25, 10, 6, 21, 37, 0]
ans: 1111.199902810205

Truck route: [0, 23, 10, 32, 31, 50, 46, 28, 48, 16, 2, 33, 47, 1, 36, 34, 49, 43, 3, 11, 45, 26, 5, 24, 19, 38, 27, 17, 4, 44, 22, 20, 21, 6, 8, 35, 15, 30, 13, 42, 18, 12, 40, 7, 25, 37, 0]
Drone rpute: [0, 32, 50, 28, 48, 29, 2, 33, 1, 34, 49, 43, 3, 11, 45, 26, 5, 24, 19, 38, 27, 17, 39, 4, 41, 44, 14, 22, 20, 21, 8, 9, 15, 30, 13, 42, 12, 40, 7, 25, 37, 0]
ans: 1098.9545813991508

Truck route: [0, 10, 32, 31, 46, 49, 6, 17, 4, 44, 22, 42, 18, 12, 23, 38, 24, 19, 5, 48, 47, 16, 33, 36, 50, 28, 43, 3, 11, 26, 45, 27, 40, 25, 7, 21, 13, 8, 35, 15, 30, 9, 1, 20, 37, 0]
Drone rpute: [0, 32, 31, 46, 49, 6, 34, 17, 39, 4, 14, 44, 41, 22, 42, 12, 23, 38, 19, 5, 48, 29, 16, 2, 36, 28, 43, 3, 11, 26, 45, 27, 40, 25, 7, 21, 8, 15, 30, 9, 1, 20, 37, 0]
ans: 1068.9804775845448

