Truck route: [0, 46, 31, 10, 23, 12, 17, 49, 32, 28, 50, 47, 48, 43, 2, 11, 3, 16, 33, 36, 1, 15, 6, 34, 39, 4, 22, 44, 13, 20, 37, 42, 18, 40, 25, 19, 24, 38, 27, 45, 26, 5, 7, 21, 35, 8, 30, 0]
Drone rpute: [0, 46, 31, 10, 12, 17, 32, 50, 29, 48, 2, 11, 3, 16, 33, 15, 6, 39, 14, 22, 41, 44, 13, 20, 37, 42, 18, 40, 25, 19, 38, 27, 45, 26, 5, 7, 21, 8, 9, 30, 0]
ans: 1025.1825584781814

Truck route: [0, 49, 32, 6, 17, 1, 10, 23, 14, 12, 44, 22, 39, 4, 41, 20, 33, 16, 29, 31, 2, 46, 50, 43, 47, 48, 3, 11, 26, 45, 24, 5, 27, 38, 15, 30, 36, 8, 35, 21, 13, 37, 18, 42, 25, 40, 7, 19, 0]
Drone rpute: [0, 32, 34, 6, 1, 10, 12, 44, 39, 4, 41, 20, 33, 29, 2, 50, 28, 43, 47, 48, 3, 11, 26, 45, 24, 5, 27, 38, 15, 9, 30, 8, 35, 21, 13, 37, 18, 42, 25, 40, 7, 19, 0]
ans: 1140.406143611111

Truck route: [0, 17, 32, 4, 39, 34, 22, 14, 44, 41, 20, 6, 28, 47, 3, 43, 49, 1, 21, 35, 15, 36, 29, 48, 33, 16, 30, 9, 8, 13, 18, 42, 23, 12, 27, 24, 5, 11, 26, 31, 46, 38, 10, 19, 7, 25, 40, 37, 0]
Drone rpute: [0, 32, 4, 34, 14, 41, 20, 6, 28, 50, 43, 49, 1, 15, 36, 29, 2, 48, 33, 16, 30, 8, 13, 18, 42, 12, 27, 24, 5, 45, 26, 31, 46, 38, 19, 7, 25, 40, 37, 0]
ans: 1146.698365683254

Truck route: [0, 43, 47, 11, 32, 50, 36, 29, 16, 48, 33, 1, 3, 34, 6, 39, 17, 49, 46, 23, 31, 10, 12, 14, 22, 44, 4, 41, 21, 35, 8, 15, 30, 13, 9, 20, 37, 18, 42, 25, 40, 7, 19, 24, 27, 38, 5, 26, 0]
Drone rpute: [0, 32, 28, 50, 29, 2, 48, 1, 34, 39, 17, 49, 46, 23, 31, 10, 12, 14, 41, 21, 8, 15, 30, 9, 20, 37, 18, 42, 25, 40, 7, 19, 38, 5, 45, 26, 0]
ans: 974.4253191500334

Truck route: [0, 23, 32, 12, 10, 50, 31, 46, 28, 1, 49, 34, 43, 3, 11, 14, 17, 39, 4, 22, 41, 44, 20, 13, 33, 16, 48, 36, 47, 35, 15, 6, 9, 30, 8, 21, 37, 18, 42, 40, 25, 7, 38, 19, 27, 24, 5, 26, 0]
Drone rpute: [0, 32, 50, 1, 34, 14, 41, 44, 20, 13, 33, 2, 16, 29, 48, 36, 15, 9, 8, 21, 37, 18, 42, 40, 25, 7, 19, 27, 24, 5, 45, 26, 0]
ans: 988.028606526397

Truck route: [0, 46, 31, 43, 11, 3, 47, 48, 36, 28, 49, 1, 34, 6, 21, 35, 29, 16, 33, 8, 9, 15, 30, 13, 22, 39, 44, 41, 4, 14, 20, 17, 10, 23, 12, 42, 18, 37, 26, 45, 24, 5, 27, 38, 40, 19, 7, 25, 0]
Drone rpute: [0, 46, 31, 43, 50, 47, 2, 48, 28, 32, 49, 34, 6, 21, 8, 15, 30, 13, 39, 41, 14, 20, 17, 10, 12, 42, 18, 37, 26, 45, 24, 5, 27, 38, 19, 7, 25, 0]
ans: 1049.842537786472

Truck route: [0, 46, 31, 10, 23, 12, 14, 41, 18, 44, 22, 4, 48, 16, 29, 50, 43, 11, 28, 47, 32, 3, 1, 17, 6, 49, 36, 35, 15, 9, 8, 30, 21, 20, 13, 33, 45, 26, 5, 27, 24, 19, 7, 38, 40, 25, 42, 37, 0]
Drone rpute: [0, 46, 31, 10, 12, 14, 18, 44, 22, 39, 4, 48, 2, 16, 50, 28, 32, 1, 17, 34, 6, 49, 36, 15, 8, 30, 21, 20, 13, 33, 45, 26, 5, 27, 24, 19, 38, 40, 25, 42, 37, 0]
ans: 1060.1848920547848

Truck route: [0, 10, 32, 49, 1, 28, 50, 43, 2, 29, 15, 30, 35, 8, 21, 6, 34, 17, 39, 4, 41, 44, 22, 16, 33, 48, 47, 11, 3, 31, 46, 23, 12, 18, 42, 37, 20, 13, 36, 40, 25, 7, 19, 27, 38, 24, 5, 26, 0]
Drone rpute: [0, 32, 1, 50, 2, 29, 15, 9, 30, 8, 21, 34, 39, 41, 44, 14, 22, 16, 33, 48, 47, 11, 3, 31, 46, 23, 12, 18, 42, 37, 20, 13, 36, 40, 25, 7, 19, 38, 24, 5, 45, 26, 0]
ans: 961.702136688242

Truck route: [0, 23, 10, 12, 46, 31, 49, 32, 34, 17, 14, 4, 41, 44, 39, 22, 6, 21, 1, 28, 50, 47, 48, 33, 36, 15, 35, 8, 30, 16, 11, 43, 3, 26, 45, 24, 5, 38, 40, 25, 19, 7, 27, 42, 20, 18, 13, 37, 0]
Drone rpute: [0, 23, 12, 46, 31, 49, 34, 14, 41, 39, 22, 6, 1, 50, 29, 47, 2, 48, 33, 15, 8, 9, 30, 16, 11, 43, 3, 26, 45, 24, 5, 38, 19, 7, 27, 42, 18, 13, 37, 0]
ans: 1058.3137408099192

Truck route: [0, 49, 32, 6, 1, 21, 34, 17, 39, 14, 44, 22, 41, 4, 13, 28, 43, 3, 29, 47, 31, 46, 10, 23, 12, 42, 18, 25, 40, 38, 27, 19, 24, 7, 5, 11, 45, 48, 16, 36, 33, 15, 30, 35, 8, 20, 37, 26, 0]
Drone rpute: [0, 32, 1, 34, 39, 41, 4, 13, 28, 50, 43, 29, 2, 47, 31, 46, 10, 12, 42, 18, 25, 40, 38, 19, 24, 7, 5, 45, 48, 16, 36, 15, 9, 30, 8, 20, 37, 26, 0]
ans: 1107.4988080132828

Truck route: [0, 10, 46, 31, 43, 47, 50, 1, 32, 49, 34, 17, 14, 6, 39, 44, 41, 22, 4, 13, 35, 30, 9, 8, 21, 20, 37, 18, 42, 12, 23, 38, 7, 19, 25, 40, 24, 5, 27, 45, 33, 48, 29, 16, 11, 3, 26, 36, 0]
Drone rpute: [0, 10, 46, 31, 43, 28, 50, 1, 32, 34, 14, 39, 41, 22, 4, 13, 35, 15, 30, 9, 8, 21, 20, 37, 18, 42, 12, 23, 38, 19, 25, 40, 24, 5, 45, 33, 29, 2, 16, 11, 3, 26, 36, 0]
ans: 1038.3144250804257

